2.151586539999999786e+03 1.056000000000000050e+01 3.899999999999999994e-02
1.954890789999999924e+03 1.052899999999999991e+01 4.299999999999999656e-02
1.962880650000000060e+03 1.052800000000000047e+01 3.699999999999999817e-02
1.964884119999999939e+03 1.054599999999999937e+01 3.400000000000000244e-02
1.966877760000000080e+03 1.054599999999999937e+01 3.599999999999999728e-02
1.978866839999999911e+03 1.056099999999999994e+01 4.200000000000000261e-02
1.979905410000000074e+03 1.053800000000000026e+01 4.100000000000000172e-02
1.981843730000000050e+03 1.053700000000000081e+01 4.200000000000000261e-02
1.982844939999999951e+03 1.048300000000000054e+01 4.399999999999999745e-02
2.025809259999999995e+03 1.054800000000000004e+01 3.200000000000000067e-02
2.026838770000000068e+03 1.054100000000000037e+01 3.300000000000000155e-02
2.027801999999999907e+03 1.055100000000000016e+01 3.400000000000000244e-02
2.030793490000000020e+03 1.057699999999999996e+01 3.099999999999999978e-02
2.031800210000000106e+03 1.053599999999999959e+01 3.099999999999999978e-02
2.032789549999999963e+03 1.056499999999999950e+01 2.999999999999999889e-02
2.033782969999999978e+03 1.054700000000000060e+01 3.099999999999999978e-02
2.037758379999999988e+03 1.054100000000000037e+01 3.799999999999999906e-02
2.051802299999999832e+03 1.053999999999999915e+01 3.699999999999999817e-02
2.053700370000000021e+03 1.055400000000000027e+01 2.900000000000000147e-02
2.055737020000000030e+03 1.057600000000000051e+01 3.599999999999999728e-02
2.057734069999999974e+03 1.051399999999999935e+01 3.300000000000000155e-02
2.058735400000000027e+03 1.055199999999999960e+01 3.200000000000000067e-02
2.061728500000000167e+03 1.054899999999999949e+01 3.400000000000000244e-02
2.070762409999999818e+03 1.055899999999999928e+01 3.599999999999999728e-02
2.080626450000000204e+03 1.053599999999999959e+01 3.500000000000000333e-02
2.081678629999999885e+03 1.055300000000000082e+01 3.300000000000000155e-02
2.082689789999999903e+03 1.056400000000000006e+01 3.400000000000000244e-02
2.085667449999999917e+03 1.056300000000000061e+01 2.999999999999999889e-02
2.086682080000000042e+03 1.057000000000000028e+01 3.400000000000000244e-02
2.087666229999999814e+03 1.058300000000000018e+01 3.500000000000000333e-02
2.102622379999999794e+03 1.058399999999999963e+01 3.300000000000000155e-02
2.103633119999999963e+03 1.053200000000000003e+01 3.300000000000000155e-02
2.104636950000000070e+03 1.056300000000000061e+01 3.300000000000000155e-02
2.105628850000000057e+03 1.057300000000000040e+01 3.400000000000000244e-02
2.106627530000000206e+03 1.054100000000000037e+01 3.200000000000000067e-02
2.109624730000000000e+03 1.053999999999999915e+01 2.999999999999999889e-02
2.115583500000000186e+03 1.054100000000000037e+01 3.300000000000000155e-02
2.116597490000000107e+03 1.056099999999999994e+01 2.999999999999999889e-02
2.117594149999999900e+03 1.055599999999999916e+01 3.200000000000000067e-02
2.125588290000000143e+03 1.053100000000000058e+01 3.500000000000000333e-02
2.128578579999999874e+03 1.057699999999999996e+01 3.099999999999999978e-02
2.129577589999999873e+03 1.053700000000000081e+01 3.400000000000000244e-02
2.130584449999999833e+03 1.058000000000000007e+01 3.099999999999999978e-02
2.131570229999999810e+03 1.058900000000000041e+01 3.300000000000000155e-02
2.132578349999999773e+03 1.053400000000000070e+01 3.300000000000000155e-02
2.133572459999999865e+03 1.055499999999999972e+01 3.300000000000000155e-02
2.134575400000000172e+03 1.055400000000000027e+01 3.300000000000000155e-02
2.135571609999999964e+03 1.054199999999999982e+01 3.099999999999999978e-02
2.136568920000000162e+03 1.057600000000000051e+01 3.200000000000000067e-02
2.141562669999999798e+03 1.054800000000000004e+01 3.200000000000000067e-02
2.142556909999999789e+03 1.055300000000000082e+01 3.400000000000000244e-02
2.143550499999999829e+03 1.053700000000000081e+01 3.300000000000000155e-02
2.144548339999999826e+03 1.056499999999999950e+01 3.099999999999999978e-02
2.145543830000000071e+03 1.057699999999999996e+01 3.400000000000000244e-02
2.156506850000000213e+03 1.058399999999999963e+01 3.699999999999999817e-02
2.167485090000000127e+03 1.054199999999999982e+01 3.200000000000000067e-02
2.171486399999999776e+03 1.055100000000000016e+01 3.300000000000000155e-02
2.173536180000000058e+03 1.056600000000000072e+01 3.099999999999999978e-02
2.179492400000000089e+03 1.057900000000000063e+01 4.700000000000000011e-02
2.184509399999999914e+03 1.055100000000000016e+01 3.300000000000000155e-02
2.188489759999999933e+03 1.057000000000000028e+01 3.300000000000000155e-02
2.191501200000000154e+03 1.057499999999999929e+01 3.300000000000000155e-02
2.194508899999999812e+03 1.057300000000000040e+01 3.599999999999999728e-02
2.206500140000000101e+03 1.053999999999999915e+01 3.599999999999999728e-02
2.441692759999999907e+03 1.055000000000000071e+01 3.400000000000000244e-02
2.442686909999999898e+03 1.056000000000000050e+01 2.599999999999999881e-02
2.443682069999999840e+03 1.057699999999999996e+01 2.599999999999999881e-02
2.444683979999999792e+03 1.054700000000000060e+01 2.500000000000000139e-02
2.446686689999999999e+03 1.053700000000000081e+01 2.500000000000000139e-02
2.464637450000000172e+03 1.055799999999999983e+01 3.099999999999999978e-02
2.466633899999999812e+03 1.054800000000000004e+01 2.800000000000000058e-02
2.467637740000000122e+03 1.054800000000000004e+01 2.699999999999999969e-02
2.468632369999999810e+03 1.053800000000000026e+01 2.900000000000000147e-02
2.470583759999999984e+03 1.053299999999999947e+01 3.599999999999999728e-02
2.473601189999999860e+03 1.054299999999999926e+01 3.400000000000000244e-02
2.474645770000000084e+03 1.058099999999999952e+01 3.200000000000000067e-02
2.481587399999999889e+03 1.055599999999999916e+01 4.000000000000000083e-02
2.482624020000000201e+03 1.050799999999999912e+01 3.799999999999999906e-02
2.486587799999999788e+03 1.056099999999999994e+01 4.299999999999999656e-02
2.489590729999999894e+03 1.059099999999999930e+01 2.999999999999999889e-02
2.490625540000000001e+03 1.054499999999999993e+01 3.599999999999999728e-02
2.491583849999999984e+03 1.064400000000000013e+01 4.100000000000000172e-02
2.493579119999999875e+03 1.052599999999999980e+01 3.699999999999999817e-02
2.494582339999999931e+03 1.055700000000000038e+01 4.100000000000000172e-02
2.495583970000000136e+03 1.055499999999999972e+01 4.299999999999999656e-02
2.497576720000000023e+03 1.052800000000000047e+01 3.200000000000000067e-02
2.498567100000000210e+03 1.057300000000000040e+01 3.200000000000000067e-02
2.499565180000000055e+03 1.054100000000000037e+01 3.599999999999999728e-02
2.501564379999999801e+03 1.056600000000000072e+01 3.300000000000000155e-02
2.508530180000000200e+03 1.053400000000000070e+01 3.500000000000000333e-02
2.511566040000000157e+03 1.055400000000000027e+01 4.700000000000000011e-02
2.512623709999999846e+03 1.057099999999999973e+01 5.099999999999999672e-02
2.519637670000000071e+03 1.053500000000000014e+01 2.999999999999999889e-02
2.520630360000000110e+03 1.054899999999999949e+01 2.800000000000000058e-02
2.521639950000000226e+03 1.054899999999999949e+01 2.800000000000000058e-02
2.524597029999999904e+03 1.055400000000000027e+01 3.799999999999999906e-02
2.526634930000000168e+03 1.055899999999999928e+01 2.999999999999999889e-02
2.535596540000000005e+03 1.058600000000000030e+01 3.300000000000000155e-02
2.545502820000000156e+03 1.054299999999999926e+01 2.800000000000000058e-02
2.548576329999999871e+03 1.054599999999999937e+01 2.900000000000000147e-02
2.552580500000000029e+03 1.056300000000000061e+01 4.399999999999999745e-02
2.561497609999999895e+03 1.057900000000000063e+01 2.699999999999999969e-02
2.562546960000000126e+03 1.055700000000000038e+01 2.900000000000000147e-02
2.565529939999999897e+03 1.053299999999999947e+01 2.999999999999999889e-02
2.686893770000000131e+03 1.055000000000000071e+01 3.500000000000000333e-02
2.690878439999999955e+03 1.053100000000000058e+01 3.799999999999999906e-02
2.699870690000000195e+03 1.054199999999999982e+01 3.099999999999999978e-02
2.703884540000000015e+03 1.054299999999999926e+01 4.599999999999999922e-02
2.706860920000000078e+03 1.053700000000000081e+01 2.999999999999999889e-02
2.709860110000000077e+03 1.053999999999999915e+01 2.800000000000000058e-02
2.712850170000000162e+03 1.054100000000000037e+01 2.900000000000000147e-02
2.717879019999999855e+03 1.052200000000000024e+01 3.599999999999999728e-02
2.720854899999999816e+03 1.052899999999999991e+01 3.200000000000000067e-02
2.730871050000000196e+03 1.056700000000000017e+01 2.800000000000000058e-02
2.733889900000000125e+03 1.055599999999999916e+01 2.999999999999999889e-02
2.735859440000000177e+03 1.056700000000000017e+01 2.900000000000000147e-02
2.737900160000000142e+03 1.054800000000000004e+01 2.800000000000000058e-02
2.739879620000000159e+03 1.056099999999999994e+01 2.999999999999999889e-02
2.741858999999999924e+03 1.056400000000000006e+01 3.099999999999999978e-02
2.743844180000000051e+03 1.053899999999999970e+01 3.099999999999999978e-02
2.747865400000000136e+03 1.056199999999999939e+01 4.000000000000000083e-02
2.755788410000000113e+03 1.054400000000000048e+01 2.800000000000000058e-02
2.757798899999999776e+03 1.055100000000000016e+01 2.999999999999999889e-02
2.759873849999999948e+03 1.056099999999999994e+01 2.699999999999999969e-02
2.761799250000000029e+03 1.059699999999999953e+01 2.800000000000000058e-02
2.786736210000000028e+03 1.055000000000000071e+01 2.699999999999999969e-02
2.790746799999999894e+03 1.056000000000000050e+01 2.800000000000000058e-02
2.808862090000000080e+03 1.054400000000000048e+01 3.300000000000000155e-02
2.810671960000000126e+03 1.057099999999999973e+01 2.800000000000000058e-02
2.811854359999999815e+03 1.055799999999999983e+01 2.900000000000000147e-02
2.813741120000000137e+03 1.056900000000000084e+01 3.200000000000000067e-02
2.819715169999999944e+03 1.056099999999999994e+01 2.699999999999999969e-02
2.821715700000000197e+03 1.058399999999999963e+01 2.699999999999999969e-02
2.829646569999999883e+03 1.054599999999999937e+01 2.800000000000000058e-02
2.834680119999999988e+03 1.054499999999999993e+01 3.200000000000000067e-02
2.838807789999999841e+03 1.054100000000000037e+01 2.800000000000000058e-02
2.841655110000000150e+03 1.055400000000000027e+01 2.699999999999999969e-02
2.843646450000000186e+03 1.057300000000000040e+01 3.300000000000000155e-02
2.855596309999999903e+03 1.053200000000000003e+01 2.999999999999999889e-02
2.862597960000000057e+03 1.057900000000000063e+01 2.999999999999999889e-02
2.866698670000000220e+03 1.054400000000000048e+01 2.800000000000000058e-02
2.867756150000000162e+03 1.052699999999999925e+01 2.900000000000000147e-02
2.872715259999999944e+03 1.055000000000000071e+01 2.900000000000000147e-02
2.875718789999999899e+03 1.057099999999999973e+01 2.699999999999999969e-02
2.877682060000000092e+03 1.054700000000000060e+01 2.800000000000000058e-02
2.883515449999999873e+03 1.056300000000000061e+01 2.699999999999999969e-02
2.884699340000000120e+03 1.055300000000000082e+01 2.999999999999999889e-02
2.894606470000000172e+03 1.055899999999999928e+01 2.800000000000000058e-02
2.896636959999999817e+03 1.056400000000000006e+01 2.800000000000000058e-02
2.898619819999999891e+03 1.055100000000000016e+01 2.699999999999999969e-02
2.900611969999999928e+03 1.054499999999999993e+01 2.800000000000000058e-02
2.904598939999999857e+03 1.054199999999999982e+01 3.899999999999999994e-02
2.906602049999999963e+03 1.054700000000000060e+01 2.599999999999999881e-02
2.909624260000000049e+03 1.054800000000000004e+01 2.900000000000000147e-02
2.911577690000000075e+03 1.056600000000000072e+01 2.800000000000000058e-02
2.916512520000000222e+03 1.056300000000000061e+01 2.999999999999999889e-02
2.917610200000000077e+03 1.056000000000000050e+01 2.900000000000000147e-02
2.921602750000000015e+03 1.054199999999999982e+01 3.300000000000000155e-02
2.923589699999999993e+03 1.056000000000000050e+01 2.900000000000000147e-02
2.926588130000000092e+03 1.055599999999999916e+01 2.699999999999999969e-02
2.929507700000000114e+03 1.053899999999999970e+01 2.800000000000000058e-02
2.931523459999999886e+03 1.058999999999999986e+01 2.800000000000000058e-02
2.933529849999999897e+03 1.055499999999999972e+01 2.800000000000000058e-02
2.935531089999999949e+03 1.055400000000000027e+01 2.999999999999999889e-02
2.937530459999999948e+03 1.056700000000000017e+01 2.800000000000000058e-02
2.944520340000000033e+03 1.053400000000000070e+01 2.900000000000000147e-02
2.949516380000000026e+03 1.054299999999999926e+01 2.999999999999999889e-02
2.955508249999999862e+03 1.052100000000000080e+01 2.800000000000000058e-02
3.069885679999999866e+03 1.054599999999999937e+01 3.899999999999999994e-02
3.073890769999999975e+03 1.056499999999999950e+01 3.200000000000000067e-02
3.081864639999999781e+03 1.052100000000000080e+01 3.799999999999999906e-02
3.087871209999999792e+03 1.056099999999999994e+01 3.500000000000000333e-02
3.091854830000000220e+03 1.059500000000000064e+01 2.900000000000000147e-02
3.097846030000000155e+03 1.056099999999999994e+01 3.400000000000000244e-02
3.100878850000000057e+03 1.060899999999999999e+01 3.400000000000000244e-02
3.103873039999999946e+03 1.054599999999999937e+01 3.400000000000000244e-02
3.108829940000000079e+03 1.053800000000000026e+01 2.900000000000000147e-02
3.111849119999999857e+03 1.053999999999999915e+01 3.300000000000000155e-02
3.114837010000000191e+03 1.056400000000000006e+01 2.900000000000000147e-02
3.118843510000000151e+03 1.055199999999999960e+01 2.599999999999999881e-02
3.122871929999999793e+03 1.057300000000000040e+01 2.999999999999999889e-02
3.125775659999999789e+03 1.055799999999999983e+01 3.599999999999999728e-02
3.127794890000000123e+03 1.051800000000000068e+01 3.899999999999999994e-02
3.130789960000000065e+03 1.050600000000000023e+01 3.099999999999999978e-02
3.146727460000000065e+03 1.056700000000000017e+01 2.599999999999999881e-02
3.154666790000000219e+03 1.056900000000000084e+01 2.599999999999999881e-02
3.162780839999999898e+03 1.063400000000000034e+01 2.999999999999999889e-02
3.164808179999999993e+03 1.053299999999999947e+01 2.800000000000000058e-02
3.170752959999999803e+03 1.054499999999999993e+01 2.699999999999999969e-02
3.173697130000000016e+03 1.057300000000000040e+01 3.099999999999999978e-02
3.176727049999999963e+03 1.056400000000000006e+01 2.699999999999999969e-02
3.182686439999999948e+03 1.055700000000000038e+01 2.900000000000000147e-02
3.184671100000000024e+03 1.054199999999999982e+01 2.999999999999999889e-02
3.186701939999999922e+03 1.058799999999999919e+01 3.099999999999999978e-02
3.266522050000000036e+03 1.056700000000000017e+01 2.599999999999999881e-02
3.272518090000000029e+03 1.053599999999999959e+01 3.300000000000000155e-02
3.274637389999999868e+03 1.053500000000000014e+01 3.300000000000000155e-02
3.277586009999999987e+03 1.050900000000000034e+01 3.799999999999999906e-02
3.279615690000000086e+03 1.054400000000000048e+01 2.999999999999999889e-02
3.294556750000000193e+03 1.054299999999999926e+01 3.200000000000000067e-02
3.299536840000000211e+03 1.053500000000000014e+01 2.999999999999999889e-02
3.427880189999999857e+03 1.055199999999999960e+01 3.500000000000000333e-02
3.431878650000000107e+03 1.053100000000000058e+01 3.400000000000000244e-02
3.444855750000000171e+03 1.057399999999999984e+01 3.400000000000000244e-02
3.455831909999999880e+03 1.056099999999999994e+01 3.599999999999999728e-02
3.458864079999999831e+03 1.058600000000000030e+01 3.599999999999999728e-02
3.464842180000000099e+03 1.056400000000000006e+01 2.800000000000000058e-02
3.467891270000000077e+03 1.056600000000000072e+01 2.800000000000000058e-02
3.470884619999999813e+03 1.058799999999999919e+01 3.099999999999999978e-02
3.473863249999999880e+03 1.058699999999999974e+01 2.999999999999999889e-02
3.476877030000000104e+03 1.055799999999999983e+01 3.500000000000000333e-02
3.479842619999999897e+03 1.057499999999999929e+01 3.599999999999999728e-02
3.490877539999999954e+03 1.059900000000000020e+01 3.899999999999999994e-02
3.496848449999999957e+03 1.055000000000000071e+01 2.599999999999999881e-02
3.500808259999999791e+03 1.058000000000000007e+01 4.000000000000000083e-02
3.502869319999999789e+03 1.054299999999999926e+01 3.699999999999999817e-02
3.506788649999999961e+03 1.053700000000000081e+01 3.300000000000000155e-02
3.509802689999999984e+03 1.054199999999999982e+01 2.699999999999999969e-02
3.524891929999999775e+03 1.057300000000000040e+01 3.500000000000000333e-02
3.525577870000000075e+03 1.058699999999999974e+01 3.699999999999999817e-02
3.526721199999999953e+03 1.050999999999999979e+01 3.500000000000000333e-02
3.528781280000000152e+03 1.053200000000000003e+01 3.599999999999999728e-02
3.538745570000000043e+03 1.054899999999999949e+01 2.900000000000000147e-02
3.540733209999999872e+03 1.054400000000000048e+01 3.599999999999999728e-02
3.555746610000000146e+03 1.056300000000000061e+01 3.899999999999999994e-02
3.559648790000000190e+03 1.056099999999999994e+01 3.599999999999999728e-02
3.561685509999999795e+03 1.054299999999999926e+01 4.299999999999999656e-02
3.563667559999999867e+03 1.055400000000000027e+01 3.099999999999999978e-02
3.572815570000000207e+03 1.051200000000000045e+01 3.599999999999999728e-02
3.574825280000000021e+03 1.072799999999999976e+01 3.400000000000000244e-02
3.577589039999999841e+03 1.055799999999999983e+01 3.400000000000000244e-02
3.583734550000000127e+03 1.054499999999999993e+01 3.599999999999999728e-02
3.585763950000000023e+03 1.054299999999999926e+01 4.100000000000000172e-02
3.587790629999999965e+03 1.055899999999999928e+01 3.099999999999999978e-02
3.602577319999999872e+03 1.056499999999999950e+01 3.300000000000000155e-02
3.604583790000000135e+03 1.058699999999999974e+01 3.599999999999999728e-02
3.609523729999999887e+03 1.055400000000000027e+01 3.200000000000000067e-02
3.617624020000000201e+03 1.054100000000000037e+01 4.100000000000000172e-02
3.620527189999999791e+03 1.052899999999999991e+01 3.799999999999999906e-02
3.622563639999999850e+03 1.056199999999999939e+01 4.000000000000000083e-02
3.628568890000000010e+03 1.056199999999999939e+01 2.999999999999999889e-02
3.630646060000000034e+03 1.054800000000000004e+01 3.400000000000000244e-02
3.632648310000000038e+03 1.055599999999999916e+01 3.500000000000000333e-02
3.641618750000000091e+03 1.055599999999999916e+01 2.900000000000000147e-02
3.644530749999999898e+03 1.056199999999999939e+01 4.100000000000000172e-02
3.648533960000000206e+03 1.057699999999999996e+01 2.800000000000000058e-02
3.650557519999999840e+03 1.058999999999999986e+01 2.800000000000000058e-02
3.657586609999999837e+03 1.056700000000000017e+01 3.300000000000000155e-02
3.660529340000000047e+03 1.052899999999999991e+01 3.899999999999999994e-02
3.662560730000000149e+03 1.057000000000000028e+01 3.899999999999999994e-02
3.664568389999999908e+03 1.054800000000000004e+01 3.300000000000000155e-02
3.668549219999999877e+03 1.059800000000000075e+01 2.999999999999999889e-02
3.671534029999999802e+03 1.055400000000000027e+01 2.999999999999999889e-02
3.674538939999999911e+03 1.056700000000000017e+01 3.099999999999999978e-02
3.677525889999999890e+03 1.056199999999999939e+01 2.999999999999999889e-02
3.792882030000000213e+03 1.055499999999999972e+01 4.800000000000000100e-02
3.796888269999999920e+03 1.055400000000000027e+01 2.999999999999999889e-02
3.804866529999999784e+03 1.055100000000000016e+01 4.000000000000000083e-02
3.808871419999999944e+03 1.058799999999999919e+01 3.699999999999999817e-02
3.812872769999999946e+03 1.056000000000000050e+01 3.400000000000000244e-02
3.819871110000000044e+03 1.058300000000000018e+01 3.400000000000000244e-02
3.823851819999999861e+03 1.056700000000000017e+01 3.899999999999999994e-02
3.827841669999999795e+03 1.051800000000000068e+01 3.400000000000000244e-02
3.830881870000000163e+03 1.055400000000000027e+01 3.599999999999999728e-02
3.834825690000000122e+03 1.056300000000000061e+01 4.000000000000000083e-02
3.837859869999999773e+03 1.057300000000000040e+01 3.500000000000000333e-02
3.851835030000000188e+03 1.055199999999999960e+01 3.099999999999999978e-02
3.862789029999999912e+03 1.057399999999999984e+01 3.899999999999999994e-02
3.864787870000000112e+03 1.053299999999999947e+01 3.899999999999999994e-02
3.866812269999999899e+03 1.055400000000000027e+01 3.099999999999999978e-02
3.868804900000000089e+03 1.057099999999999973e+01 3.400000000000000244e-02
3.874775579999999991e+03 1.058000000000000007e+01 3.400000000000000244e-02
3.877761800000000221e+03 1.055899999999999928e+01 3.799999999999999906e-02
3.880813119999999799e+03 1.059699999999999953e+01 3.099999999999999978e-02
3.883813470000000052e+03 1.056499999999999950e+01 3.899999999999999994e-02
3.887753169999999955e+03 1.056400000000000006e+01 3.300000000000000155e-02
3.889793639999999868e+03 1.055000000000000071e+01 3.099999999999999978e-02
3.891775709999999890e+03 1.055599999999999916e+01 3.099999999999999978e-02
3.893772860000000037e+03 1.054700000000000060e+01 2.800000000000000058e-02
3.900756240000000162e+03 1.059800000000000075e+01 4.399999999999999745e-02
3.902759689999999864e+03 1.056600000000000072e+01 3.200000000000000067e-02
3.904786219999999958e+03 1.054899999999999949e+01 3.200000000000000067e-02
3.906799079999999776e+03 1.058500000000000085e+01 3.599999999999999728e-02
3.909713240000000042e+03 1.053800000000000026e+01 3.400000000000000244e-02
3.913724529999999959e+03 1.055000000000000071e+01 3.400000000000000244e-02
4.155894100000000435e+03 1.052899999999999991e+01 3.300000000000000155e-02
4.159881580000000213e+03 1.067600000000000016e+01 3.400000000000000244e-02
4.163887639999999919e+03 1.055700000000000038e+01 4.000000000000000083e-02
4.167875879999999597e+03 1.053100000000000058e+01 3.300000000000000155e-02
4.179863169999999627e+03 1.057199999999999918e+01 4.299999999999999656e-02
4.182886129999999866e+03 1.051399999999999935e+01 3.200000000000000067e-02
4.185899199999999837e+03 1.055000000000000071e+01 3.300000000000000155e-02
4.189868980000000192e+03 1.055000000000000071e+01 3.200000000000000067e-02
4.192851480000000265e+03 1.053400000000000070e+01 2.999999999999999889e-02
4.202898589999999786e+03 1.057099999999999973e+01 3.699999999999999817e-02
4.205867820000000393e+03 1.054199999999999982e+01 3.099999999999999978e-02
4.215837760000000344e+03 1.053299999999999947e+01 3.500000000000000333e-02
4.229849779999999555e+03 1.052200000000000024e+01 2.999999999999999889e-02
4.231853350000000319e+03 1.054599999999999937e+01 3.200000000000000067e-02
4.234779360000000452e+03 1.052999999999999936e+01 3.200000000000000067e-02
4.247749850000000151e+03 1.058699999999999974e+01 3.200000000000000067e-02
4.256781519999999546e+03 1.056400000000000006e+01 2.699999999999999969e-02
4.272682520000000295e+03 1.054599999999999937e+01 2.999999999999999889e-02
4.274725510000000213e+03 1.055700000000000038e+01 3.099999999999999978e-02
4.277688170000000355e+03 1.051800000000000068e+01 3.500000000000000333e-02
4.283713819999999942e+03 1.080599999999999916e+01 3.799999999999999906e-02
4.285708300000000236e+03 1.052800000000000047e+01 3.400000000000000244e-02
4.289703669999999875e+03 1.052200000000000024e+01 3.200000000000000067e-02
4.291704359999999724e+03 1.051999999999999957e+01 3.099999999999999978e-02
4.293691810000000260e+03 1.057699999999999996e+01 2.900000000000000147e-02
4.295705009999999675e+03 1.054899999999999949e+01 2.999999999999999889e-02
4.297696200000000317e+03 9.992000000000000881e+00 3.599999999999999728e-02
4.299672209999999723e+03 1.057399999999999984e+01 3.099999999999999978e-02
4.301656500000000051e+03 1.053100000000000058e+01 3.200000000000000067e-02
4.303657369999999901e+03 1.052599999999999980e+01 2.999999999999999889e-02
4.305634890000000269e+03 1.055000000000000071e+01 2.999999999999999889e-02
4.310735789999999724e+03 1.056099999999999994e+01 3.300000000000000155e-02
4.312757120000000214e+03 1.051399999999999935e+01 3.799999999999999906e-02
4.315754270000000361e+03 1.053200000000000003e+01 3.799999999999999906e-02
4.319595809999999801e+03 1.056499999999999950e+01 3.200000000000000067e-02
4.330593850000000202e+03 1.051999999999999957e+01 3.200000000000000067e-02
4.332591349999999693e+03 1.054199999999999982e+01 3.200000000000000067e-02
4.338615569999999934e+03 1.058500000000000085e+01 3.200000000000000067e-02
4.340676650000000336e+03 1.052500000000000036e+01 3.500000000000000333e-02
4.342670089999999618e+03 1.053700000000000081e+01 4.100000000000000172e-02
4.344674119999999675e+03 1.059900000000000020e+01 4.100000000000000172e-02
4.346670960000000377e+03 1.054599999999999937e+01 3.099999999999999978e-02
4.348675989999999729e+03 1.055199999999999960e+01 3.099999999999999978e-02
4.350684320000000298e+03 1.054199999999999982e+01 3.300000000000000155e-02
4.353546779999999671e+03 1.055499999999999972e+01 2.800000000000000058e-02
4.355634109999999964e+03 1.057000000000000028e+01 2.999999999999999889e-02
4.357638009999999667e+03 1.054700000000000060e+01 3.200000000000000067e-02
4.360486930000000029e+03 1.050900000000000034e+01 3.200000000000000067e-02
4.365522990000000391e+03 1.056199999999999939e+01 2.900000000000000147e-02
4.368607610000000022e+03 1.056300000000000061e+01 3.099999999999999978e-02
4.372626629999999750e+03 1.051299999999999990e+01 3.599999999999999728e-02
4.375626089999999749e+03 1.053400000000000070e+01 3.099999999999999978e-02
4.378508410000000367e+03 1.053400000000000070e+01 3.899999999999999994e-02
4.380563519999999698e+03 1.053999999999999915e+01 3.500000000000000333e-02
4.383536369999999806e+03 1.056799999999999962e+01 2.900000000000000147e-02
4.385594589999999698e+03 1.055499999999999972e+01 2.800000000000000058e-02
4.387599019999999655e+03 1.057199999999999918e+01 3.099999999999999978e-02
4.393522140000000036e+03 1.057000000000000028e+01 4.399999999999999745e-02
4.402553909999999632e+03 1.054199999999999982e+01 3.200000000000000067e-02
4.408523909999999887e+03 1.053899999999999970e+01 2.900000000000000147e-02
4.520892829999999776e+03 1.050999999999999979e+01 3.799999999999999906e-02
4.524896169999999984e+03 1.056300000000000061e+01 3.300000000000000155e-02
4.530881169999999656e+03 1.053899999999999970e+01 2.900000000000000147e-02
4.537883420000000115e+03 1.055700000000000038e+01 2.900000000000000147e-02
4.541875049999999646e+03 1.056499999999999950e+01 3.300000000000000155e-02
4.545873260000000300e+03 1.053899999999999970e+01 3.699999999999999817e-02
4.548889170000000377e+03 1.054100000000000037e+01 3.400000000000000244e-02
4.552842679999999746e+03 1.055300000000000082e+01 2.999999999999999889e-02
4.557860759999999573e+03 1.010299999999999976e+01 2.900000000000000147e-02
4.560890569999999570e+03 1.049799999999999933e+01 3.400000000000000244e-02
4.564839030000000093e+03 1.058300000000000018e+01 2.999999999999999889e-02
4.567877660000000105e+03 1.054899999999999949e+01 3.300000000000000155e-02
4.570891260000000329e+03 1.054899999999999949e+01 2.800000000000000058e-02
4.573825050000000374e+03 1.055000000000000071e+01 3.400000000000000244e-02
4.576814419999999700e+03 1.058600000000000030e+01 3.500000000000000333e-02
4.585829740000000129e+03 1.054899999999999949e+01 3.500000000000000333e-02
4.588812969999999950e+03 1.053700000000000081e+01 3.400000000000000244e-02
4.593859889999999723e+03 1.056600000000000072e+01 2.900000000000000147e-02
4.596791970000000219e+03 1.051900000000000013e+01 2.800000000000000058e-02
4.601781240000000253e+03 1.058699999999999974e+01 2.800000000000000058e-02
4.611812030000000050e+03 1.058999999999999986e+01 3.300000000000000155e-02
4.616919219999999768e+03 1.054800000000000004e+01 3.500000000000000333e-02
4.623710100000000239e+03 1.050900000000000034e+01 3.200000000000000067e-02
4.627748969999999645e+03 1.057900000000000063e+01 3.400000000000000244e-02
4.629749979999999596e+03 1.055300000000000082e+01 2.800000000000000058e-02
4.631761989999999969e+03 1.057099999999999973e+01 2.800000000000000058e-02
4.633743559999999889e+03 1.053700000000000081e+01 4.000000000000000083e-02
4.639739709999999832e+03 1.055599999999999916e+01 2.800000000000000058e-02
4.641738860000000386e+03 1.058300000000000018e+01 3.099999999999999978e-02
4.643737900000000081e+03 1.053999999999999915e+01 3.699999999999999817e-02
4.645751440000000002e+03 1.052699999999999925e+01 3.599999999999999728e-02
4.647788789999999608e+03 1.052699999999999925e+01 3.799999999999999906e-02
4.649845019999999749e+03 1.056300000000000061e+01 4.299999999999999656e-02
4.652639220000000023e+03 1.055599999999999916e+01 2.999999999999999889e-02
4.654680750000000444e+03 1.057399999999999984e+01 3.400000000000000244e-02
4.656685379999999896e+03 1.053100000000000058e+01 3.699999999999999817e-02
4.658730739999999969e+03 1.053500000000000014e+01 4.000000000000000083e-02
4.661622409999999945e+03 1.053800000000000026e+01 3.099999999999999978e-02
4.666658290000000306e+03 1.052999999999999936e+01 3.200000000000000067e-02
4.670641309999999976e+03 1.055700000000000038e+01 3.300000000000000155e-02
4.672663290000000416e+03 1.053599999999999959e+01 3.300000000000000155e-02
4.675695539999999710e+03 1.052299999999999969e+01 4.599999999999999922e-02
4.678693239999999605e+03 1.053999999999999915e+01 3.500000000000000333e-02
4.681615399999999681e+03 1.051600000000000001e+01 3.500000000000000333e-02
4.683616020000000390e+03 1.052399999999999913e+01 3.500000000000000333e-02
4.685606020000000171e+03 1.055100000000000016e+01 3.899999999999999994e-02
4.687603399999999965e+03 1.053200000000000003e+01 3.500000000000000333e-02
4.697627499999999600e+03 1.056600000000000072e+01 2.900000000000000147e-02
4.701623499999999694e+03 1.056199999999999939e+01 2.999999999999999889e-02
4.703627389999999650e+03 1.049799999999999933e+01 3.300000000000000155e-02
4.705662610000000313e+03 1.056900000000000084e+01 3.400000000000000244e-02
4.708615719999999783e+03 1.055100000000000016e+01 3.599999999999999728e-02
4.710633549999999559e+03 1.053599999999999959e+01 3.799999999999999906e-02
4.720637990000000173e+03 1.050799999999999912e+01 3.300000000000000155e-02
4.726558500000000095e+03 1.053400000000000070e+01 4.200000000000000261e-02
4.729551830000000336e+03 1.055100000000000016e+01 3.300000000000000155e-02
4.734625549999999748e+03 1.054100000000000037e+01 3.200000000000000067e-02
4.739542940000000272e+03 1.051900000000000013e+01 3.200000000000000067e-02
4.742526130000000194e+03 1.054199999999999982e+01 3.200000000000000067e-02
4.748514970000000176e+03 1.056400000000000006e+01 4.000000000000000083e-02
4.754542370000000119e+03 1.054800000000000004e+01 3.599999999999999728e-02
4.756576350000000275e+03 1.053500000000000014e+01 3.599999999999999728e-02
4.762543190000000322e+03 1.052800000000000047e+01 3.500000000000000333e-02
4.768534120000000257e+03 1.052699999999999925e+01 3.500000000000000333e-02
4.775527170000000297e+03 1.053200000000000003e+01 3.400000000000000244e-02
4.905897219999999834e+03 1.052699999999999925e+01 4.599999999999999922e-02
4.916899309999999787e+03 1.052699999999999925e+01 4.499999999999999833e-02
4.920868400000000292e+03 1.052299999999999969e+01 4.200000000000000261e-02
4.939908190000000104e+03 1.056000000000000050e+01 4.599999999999999922e-02
4.946838420000000042e+03 1.054100000000000037e+01 4.599999999999999922e-02
4.949819599999999809e+03 1.056900000000000084e+01 4.700000000000000011e-02
4.952807999999999993e+03 1.055300000000000082e+01 4.100000000000000172e-02
4.969766609999999673e+03 1.054400000000000048e+01 4.399999999999999745e-02
4.973720629999999801e+03 1.053800000000000026e+01 4.299999999999999656e-02
4.985728000000000065e+03 1.056900000000000084e+01 4.100000000000000172e-02
4.993773110000000088e+03 1.055599999999999916e+01 4.599999999999999922e-02
5.012755519999999706e+03 1.052500000000000036e+01 4.399999999999999745e-02
5.014690529999999853e+03 1.053200000000000003e+01 4.299999999999999656e-02
5.021686620000000403e+03 1.055799999999999983e+01 4.499999999999999833e-02
5.023689550000000054e+03 1.053100000000000058e+01 4.200000000000000261e-02
5.025745020000000295e+03 1.053100000000000058e+01 4.700000000000000011e-02
5.037654260000000249e+03 1.053100000000000058e+01 4.000000000000000083e-02
5.039633920000000217e+03 1.059999999999999964e+01 4.100000000000000172e-02
5.041619950000000244e+03 1.052999999999999936e+01 3.899999999999999994e-02
5.048622459999999592e+03 1.051699999999999946e+01 4.399999999999999745e-02
5.063677450000000135e+03 1.055599999999999916e+01 5.000000000000000278e-02
5.075592020000000048e+03 1.057099999999999973e+01 4.399999999999999745e-02
5.085685999999999694e+03 1.050600000000000023e+01 4.499999999999999833e-02
5.088559119999999893e+03 1.055499999999999972e+01 4.599999999999999922e-02
5.092656589999999596e+03 1.055700000000000038e+01 4.200000000000000261e-02
5.111556730000000243e+03 1.056799999999999962e+01 4.200000000000000261e-02
2.490625540000000001e+03 1.053100000000000058e+01 4.800000000000000100e-02
2.543483589999999822e+03 1.051200000000000045e+01 2.900000000000000147e-02
2.543522950000000037e+03 1.069899999999999984e+01 3.099999999999999978e-02
2.545505540000000110e+03 1.055799999999999983e+01 2.599999999999999881e-02
2.545517479999999978e+03 1.053899999999999970e+01 2.500000000000000139e-02
2.545524440000000141e+03 1.052599999999999980e+01 2.599999999999999881e-02
2.545531269999999950e+03 1.051999999999999957e+01 2.900000000000000147e-02
2.545538129999999910e+03 1.054499999999999993e+01 2.599999999999999881e-02
2.545544980000000123e+03 1.052299999999999969e+01 2.500000000000000139e-02
2.545558779999999842e+03 1.053999999999999915e+01 2.599999999999999881e-02
2.545565599999999904e+03 1.054299999999999926e+01 2.500000000000000139e-02
2.545572529999999915e+03 1.055199999999999960e+01 2.699999999999999969e-02
2.545579439999999977e+03 1.052800000000000047e+01 2.599999999999999881e-02
2.545586539999999786e+03 1.054499999999999993e+01 2.599999999999999881e-02
2.545593490000000202e+03 1.054800000000000004e+01 2.699999999999999969e-02
2.545600350000000162e+03 1.052699999999999925e+01 2.800000000000000058e-02
2.545607160000000022e+03 1.052800000000000047e+01 2.599999999999999881e-02
2.545614239999999882e+03 1.052100000000000080e+01 2.699999999999999969e-02
2.546515069999999923e+03 1.053599999999999959e+01 3.400000000000000244e-02
2.546526899999999841e+03 1.052100000000000080e+01 2.699999999999999969e-02
2.546538619999999810e+03 1.053299999999999947e+01 2.599999999999999881e-02
2.546550209999999879e+03 1.054599999999999937e+01 2.900000000000000147e-02
2.546561729999999898e+03 1.058300000000000018e+01 2.900000000000000147e-02
2.546573220000000219e+03 1.053299999999999947e+01 2.699999999999999969e-02
2.546582690000000184e+03 1.053500000000000014e+01 2.999999999999999889e-02
2.546592219999999998e+03 1.056499999999999950e+01 3.899999999999999994e-02
2.546601799999999912e+03 1.053899999999999970e+01 4.000000000000000083e-02
2.546611449999999877e+03 1.053999999999999915e+01 3.899999999999999994e-02
2.547485220000000027e+03 1.057000000000000028e+01 2.900000000000000147e-02
2.547497139999999945e+03 1.055400000000000027e+01 2.699999999999999969e-02
2.547508809999999812e+03 1.053800000000000026e+01 2.699999999999999969e-02
2.547520430000000033e+03 1.057000000000000028e+01 2.599999999999999881e-02
2.547532009999999900e+03 1.055199999999999960e+01 2.599999999999999881e-02
2.547543509999999969e+03 1.054499999999999993e+01 3.099999999999999978e-02
2.547555130000000190e+03 1.054400000000000048e+01 2.800000000000000058e-02
2.548484950000000026e+03 1.053299999999999947e+01 4.499999999999999833e-02
2.548496979999999894e+03 1.054199999999999982e+01 2.699999999999999969e-02
2.548508800000000065e+03 1.052999999999999936e+01 2.699999999999999969e-02
2.548520660000000134e+03 1.049600000000000044e+01 2.900000000000000147e-02
2.548532240000000002e+03 1.052699999999999925e+01 2.800000000000000058e-02
2.548543749999999818e+03 1.055199999999999960e+01 2.699999999999999969e-02
2.548555280000000039e+03 1.051699999999999946e+01 2.699999999999999969e-02
2.548567289999999957e+03 1.050999999999999979e+01 2.900000000000000147e-02
2.548579060000000027e+03 1.051600000000000001e+01 2.699999999999999969e-02
2.548590790000000197e+03 1.051399999999999935e+01 2.800000000000000058e-02
2.548603090000000066e+03 1.053400000000000070e+01 3.200000000000000067e-02
2.549485270000000128e+03 1.053400000000000070e+01 2.800000000000000058e-02
2.549520520000000033e+03 1.052699999999999925e+01 3.099999999999999978e-02
2.549532009999999900e+03 1.054199999999999982e+01 2.900000000000000147e-02
2.549543430000000171e+03 1.052800000000000047e+01 2.800000000000000058e-02
2.549555040000000190e+03 1.055100000000000016e+01 2.800000000000000058e-02
2.549566580000000158e+03 1.056600000000000072e+01 2.900000000000000147e-02
2.549578100000000177e+03 1.053100000000000058e+01 3.099999999999999978e-02
2.552486150000000180e+03 1.052999999999999936e+01 4.200000000000000261e-02
2.552502590000000055e+03 1.051699999999999946e+01 4.100000000000000172e-02
2.552518750000000182e+03 1.055700000000000038e+01 3.899999999999999994e-02
2.552534729999999854e+03 1.054100000000000037e+01 3.899999999999999994e-02
2.552550900000000183e+03 1.051399999999999935e+01 4.000000000000000083e-02
2.552567190000000210e+03 1.053100000000000058e+01 4.000000000000000083e-02
2.552583239999999932e+03 1.057099999999999973e+01 3.899999999999999994e-02
2.552590020000000095e+03 1.056600000000000072e+01 4.100000000000000172e-02
2.553486699999999928e+03 1.052699999999999925e+01 4.399999999999999745e-02
2.553498579999999947e+03 1.053299999999999947e+01 4.399999999999999745e-02
2.553559490000000096e+03 1.053899999999999970e+01 3.799999999999999906e-02
2.553566920000000209e+03 1.054100000000000037e+01 3.099999999999999978e-02
2.553574439999999868e+03 1.050399999999999956e+01 3.599999999999999728e-02
2.553581940000000031e+03 1.054100000000000037e+01 3.799999999999999906e-02
2.553589440000000195e+03 1.052999999999999936e+01 3.799999999999999906e-02
2.554486899999999878e+03 1.051399999999999935e+01 4.700000000000000011e-02
2.554590099999999893e+03 1.051099999999999923e+01 4.499999999999999833e-02
2.562503299999999854e+03 1.053200000000000003e+01 2.800000000000000058e-02
2.562519409999999880e+03 1.054899999999999949e+01 2.900000000000000147e-02
2.562526620000000094e+03 1.050699999999999967e+01 2.900000000000000147e-02
2.562533440000000155e+03 1.049000000000000021e+01 2.900000000000000147e-02
2.562542890000000170e+03 1.052500000000000036e+01 2.900000000000000147e-02
2.562549680000000080e+03 1.051999999999999957e+01 2.800000000000000058e-02
2.562556419999999889e+03 1.051600000000000001e+01 3.099999999999999978e-02
2.562563389999999799e+03 1.049399999999999977e+01 3.099999999999999978e-02
2.563497289999999794e+03 1.054400000000000048e+01 2.999999999999999889e-02
2.563522179999999935e+03 1.053500000000000014e+01 2.900000000000000147e-02
2.563533989999999903e+03 1.053999999999999915e+01 2.999999999999999889e-02
2.563543360000000121e+03 1.058999999999999986e+01 2.900000000000000147e-02
2.563550189999999930e+03 1.054899999999999949e+01 2.900000000000000147e-02
2.563563880000000154e+03 1.054800000000000004e+01 2.999999999999999889e-02
2.564490459999999985e+03 1.052599999999999980e+01 3.699999999999999817e-02
2.564502890000000207e+03 1.053800000000000026e+01 3.500000000000000333e-02
2.564514180000000124e+03 1.057900000000000063e+01 3.300000000000000155e-02
2.564525869999999941e+03 1.054499999999999993e+01 3.400000000000000244e-02
2.564537879999999859e+03 1.051299999999999990e+01 3.500000000000000333e-02
2.564547320000000127e+03 1.051600000000000001e+01 3.300000000000000155e-02
2.564554219999999987e+03 1.054800000000000004e+01 3.300000000000000155e-02
2.564561139999999796e+03 1.055100000000000016e+01 3.400000000000000244e-02
2.565490890000000036e+03 1.052399999999999913e+01 2.900000000000000147e-02
2.565502570000000105e+03 1.051399999999999935e+01 3.099999999999999978e-02
2.565514169999999922e+03 1.053999999999999915e+01 3.099999999999999978e-02
2.565525740000000042e+03 1.050999999999999979e+01 2.800000000000000058e-02
2.565539859999999862e+03 1.051500000000000057e+01 2.999999999999999889e-02
2.565551509999999780e+03 1.052299999999999969e+01 2.900000000000000147e-02
2.566491269999999986e+03 1.055000000000000071e+01 2.999999999999999889e-02
2.566502959999999803e+03 1.051399999999999935e+01 3.899999999999999994e-02
2.566514560000000074e+03 1.053299999999999947e+01 2.900000000000000147e-02
2.566525909999999840e+03 1.054800000000000004e+01 2.900000000000000147e-02
2.566537269999999808e+03 1.050999999999999979e+01 2.900000000000000147e-02
2.566551680000000033e+03 1.052299999999999969e+01 2.999999999999999889e-02
2.568491899999999987e+03 1.051399999999999935e+01 3.300000000000000155e-02
2.568508249999999862e+03 1.050500000000000078e+01 3.300000000000000155e-02
2.568524269999999888e+03 1.055000000000000071e+01 3.400000000000000244e-02
2.568537409999999909e+03 1.050600000000000023e+01 3.699999999999999817e-02
2.568547729999999774e+03 1.050699999999999967e+01 3.799999999999999906e-02
2.578494040000000041e+03 1.057099999999999973e+01 3.599999999999999728e-02
2.578505819999999858e+03 1.056199999999999939e+01 3.400000000000000244e-02
2.578517670000000180e+03 1.057900000000000063e+01 3.200000000000000067e-02
2.579495179999999891e+03 1.053999999999999915e+01 4.100000000000000172e-02
2.579504590000000007e+03 1.051999999999999957e+01 3.500000000000000333e-02
2.579514070000000174e+03 1.052800000000000047e+01 3.500000000000000333e-02
2.699893410000000131e+03 1.053899999999999970e+01 3.099999999999999978e-02
2.701880029999999806e+03 1.056300000000000061e+01 2.800000000000000058e-02
2.702890199999999822e+03 1.053800000000000026e+01 3.300000000000000155e-02
2.703886579999999867e+03 1.053100000000000058e+01 2.800000000000000058e-02
2.704879309999999805e+03 1.054100000000000037e+01 2.800000000000000058e-02
2.704895910000000185e+03 1.056300000000000061e+01 2.800000000000000058e-02
2.709873500000000149e+03 1.053200000000000003e+01 2.999999999999999889e-02
2.726835480000000189e+03 1.053700000000000081e+01 2.699999999999999969e-02
2.728898499999999785e+03 1.053800000000000026e+01 2.699999999999999969e-02
2.744879300000000057e+03 1.055700000000000038e+01 4.900000000000000189e-02
2.770846219999999903e+03 1.054100000000000037e+01 2.599999999999999881e-02
2.783698429999999917e+03 1.052899999999999991e+01 2.500000000000000139e-02
2.840731299999999919e+03 1.055000000000000071e+01 3.799999999999999906e-02
2.853595060000000103e+03 1.053200000000000003e+01 3.400000000000000244e-02
2.894606470000000172e+03 1.054800000000000004e+01 3.400000000000000244e-02
3.827883629999999812e+03 1.053999999999999915e+01 3.099999999999999978e-02
3.896799059999999827e+03 1.051299999999999990e+01 3.300000000000000155e-02
4.159896370000000388e+03 1.054899999999999949e+01 3.300000000000000155e-02
4.167886499999999614e+03 1.053100000000000058e+01 3.200000000000000067e-02
4.175885110000000168e+03 1.050999999999999979e+01 3.699999999999999817e-02
4.179886349999999766e+03 1.050399999999999956e+01 3.099999999999999978e-02
4.183871379999999590e+03 1.050200000000000067e+01 3.400000000000000244e-02
4.192872889999999643e+03 1.051200000000000045e+01 2.999999999999999889e-02
4.196891179999999622e+03 1.054700000000000060e+01 3.799999999999999906e-02
4.203873349999999846e+03 1.052800000000000047e+01 2.999999999999999889e-02
4.215853479999999763e+03 1.052500000000000036e+01 3.099999999999999978e-02
4.229881970000000365e+03 1.050099999999999945e+01 3.400000000000000244e-02
4.232808589999999640e+03 1.050999999999999979e+01 2.800000000000000058e-02
4.277706100000000333e+03 1.051699999999999946e+01 2.500000000000000139e-02
4.340701989999999569e+03 1.054800000000000004e+01 2.999999999999999889e-02
4.546876599999999598e+03 1.051900000000000013e+01 3.400000000000000244e-02
4.558856130000000121e+03 1.053100000000000058e+01 2.900000000000000147e-02
4.565863910000000033e+03 1.054899999999999949e+01 2.800000000000000058e-02
4.585859919999999875e+03 1.053100000000000058e+01 2.900000000000000147e-02
4.588840549999999894e+03 1.053999999999999915e+01 2.800000000000000058e-02
4.607772670000000289e+03 1.057300000000000040e+01 4.000000000000000083e-02
4.616921299999999974e+03 1.053500000000000014e+01 3.699999999999999817e-02
4.623744749999999840e+03 1.053700000000000081e+01 2.999999999999999889e-02
4.639761900000000423e+03 1.054599999999999937e+01 2.800000000000000058e-02
4.641768839999999727e+03 1.054899999999999949e+01 2.800000000000000058e-02
4.643763210000000072e+03 1.052699999999999925e+01 3.599999999999999728e-02
4.645795570000000225e+03 1.052299999999999969e+01 2.800000000000000058e-02
4.647866339999999582e+03 1.052599999999999980e+01 3.099999999999999978e-02
4.650672010000000228e+03 1.062899999999999956e+01 3.200000000000000067e-02
4.652716370000000097e+03 1.052299999999999969e+01 2.800000000000000058e-02
4.654711669999999685e+03 1.054299999999999926e+01 2.800000000000000058e-02
4.656705780000000232e+03 1.053999999999999915e+01 2.999999999999999889e-02
4.666686719999999696e+03 1.053700000000000081e+01 3.400000000000000244e-02
4.672606740000000173e+03 1.051399999999999935e+01 2.900000000000000147e-02
4.674832129999999779e+03 1.052999999999999936e+01 2.800000000000000058e-02
4.681626989999999751e+03 1.051399999999999935e+01 2.999999999999999889e-02
4.683629049999999552e+03 1.052899999999999991e+01 3.400000000000000244e-02
4.685625000000000000e+03 1.050600000000000023e+01 4.299999999999999656e-02
4.687624179999999797e+03 1.056499999999999950e+01 3.300000000000000155e-02
4.694601999999999862e+03 1.048099999999999987e+01 3.899999999999999994e-02
4.701680459999999584e+03 1.053299999999999947e+01 2.900000000000000147e-02
4.703684419999999591e+03 1.053299999999999947e+01 3.099999999999999978e-02
4.705741109999999935e+03 1.056799999999999962e+01 3.099999999999999978e-02
4.708641249999999673e+03 1.047100000000000009e+01 3.799999999999999906e-02
4.710658879999999954e+03 1.056199999999999939e+01 3.799999999999999906e-02
4.721572849999999562e+03 1.050500000000000078e+01 3.300000000000000155e-02
4.724609830000000329e+03 1.051900000000000013e+01 3.599999999999999728e-02
4.729633770000000368e+03 1.051699999999999946e+01 3.099999999999999978e-02
4.736607930000000124e+03 1.053100000000000058e+01 3.200000000000000067e-02
4.739598500000000058e+03 1.050399999999999956e+01 2.999999999999999889e-02
4.742551639999999679e+03 1.049799999999999933e+01 3.699999999999999817e-02
4.748519110000000182e+03 1.050900000000000034e+01 3.799999999999999906e-02
4.754545559999999568e+03 1.051999999999999957e+01 3.599999999999999728e-02
4.756580420000000231e+03 1.054700000000000060e+01 4.200000000000000261e-02
4.759550669999999627e+03 1.053700000000000081e+01 3.899999999999999994e-02
4.762547370000000228e+03 1.056600000000000072e+01 3.899999999999999994e-02
4.765541900000000169e+03 1.053599999999999959e+01 3.300000000000000155e-02
4.779543749999999818e+03 1.054700000000000060e+01 4.399999999999999745e-02
4.784520880000000034e+03 1.045899999999999963e+01 3.899999999999999994e-02
4.906890559999999823e+03 1.051600000000000001e+01 4.200000000000000261e-02
4.921878840000000309e+03 1.046000000000000085e+01 4.200000000000000261e-02
4.940842309999999998e+03 1.053700000000000081e+01 4.000000000000000083e-02
4.947851330000000416e+03 1.054700000000000060e+01 3.699999999999999817e-02
4.985734519999999975e+03 1.052899999999999991e+01 3.899999999999999994e-02
4.994789759999999660e+03 1.053100000000000058e+01 4.200000000000000261e-02
5.006856069999999818e+03 1.054199999999999982e+01 4.599999999999999922e-02
5.014735539999999673e+03 1.052699999999999925e+01 3.899999999999999994e-02
5.021718950000000405e+03 1.052699999999999925e+01 4.200000000000000261e-02
5.023724119999999857e+03 1.052299999999999969e+01 3.899999999999999994e-02
5.039641840000000229e+03 1.051399999999999935e+01 3.799999999999999906e-02
5.041629450000000361e+03 1.051200000000000045e+01 3.599999999999999728e-02
5.063680449999999837e+03 1.050699999999999967e+01 4.499999999999999833e-02
5.085689220000000205e+03 1.056799999999999962e+01 4.399999999999999745e-02
5.092637480000000323e+03 1.053200000000000003e+01 3.899999999999999994e-02
