2.457981558248999994e+06 1.239006937351793749e+06 3.232832352165346310e+04
2.457981560864999890e+06 1.262468817567456746e+06 3.764899923978847801e+04
2.457987558813999873e+06 1.161480918173218612e+06 2.769260902835089291e+04
2.458021620755000040e+06 7.644125858842163580e+05 1.451817619910330177e+04
2.458022614916999824e+06 1.121378051892802818e+06 1.741246145696005260e+04
2.458022616409999784e+06 1.109292482584072510e+06 1.767107074543870840e+04
2.458022617903000209e+06 1.142991245700459694e+06 1.858991179485353859e+04
2.458023614541000221e+06 7.249410972885484807e+05 1.228062230867453036e+04
2.458030592577000149e+06 4.624719375136691378e+05 6.180461169785342463e+03
2.458030594138999935e+06 4.692783150110116112e+05 7.322204700754477017e+03
2.458035578261999879e+06 1.215625911218849476e+06 2.934794860645020526e+04
2.458035579731999896e+06 1.200598867651968962e+06 2.713587989815606852e+04
2.458035581224999856e+06 1.213495058798396029e+06 2.525306716720813711e+04
2.458036578962000087e+06 1.097616407283853740e+06 2.157858956339818178e+04
2.458037574928000104e+06 1.227878059837729437e+06 3.246448804405838382e+04
2.458043556274999864e+06 1.201889016574632609e+06 2.710334035049331942e+04
2.458043557732999790e+06 1.182872348842728650e+06 2.347320879340674583e+04
2.458043559202999808e+06 1.162722896748438943e+06 2.286410128997360880e+04
2.458045549751000013e+06 1.186129115028080996e+06 2.339618075231033436e+04
2.458045551208999939e+06 1.218417639968047850e+06 2.689314437625869323e+04
2.458045552701999899e+06 1.172856206606781809e+06 2.305171571174401470e+04
2.458194845060000196e+06 1.197197233610118506e+06 2.154285996591699222e+04
2.458194848000000231e+06 1.192150461777608609e+06 2.211335075850912472e+04
2.458199838634000160e+06 1.113279923016021959e+06 2.070369271019343068e+04
2.458199853474000003e+06 1.160750269730228465e+06 2.029784062369322419e+04
2.458199877931999974e+06 1.156454270488026785e+06 2.360238860337337610e+04
2.458199879424999934e+06 1.164805228055020794e+06 2.545873651080290801e+04
2.458199880894999951e+06 1.174625194543752354e+06 2.555919230725213492e+04
2.458334618460000027e+06 1.351674089068504516e+06 2.750091135095453137e+04
2.458334619930000044e+06 1.335398269626117777e+06 2.769599281083923779e+04
2.458334621400000062e+06 1.321785837991428329e+06 2.514844330700068895e+04
2.458336612848999910e+06 1.094741092140014982e+06 2.598355804329176317e+04
2.458336614318000153e+06 1.118695351561288349e+06 2.436006152482280595e+04
2.458336615788000170e+06 1.139891398818541551e+06 2.576530703311839534e+04
2.458340601598000154e+06 1.302925305495585315e+06 3.763332473287735047e+04
2.458340603079000022e+06 1.296877181577272480e+06 3.639482398972231022e+04
2.458340604549000040e+06 1.277750448957795044e+06 3.177161570774723441e+04
2.458340749760000035e+06 1.320591435543368338e+06 3.275582107022720811e+04
2.458340751252999995e+06 1.308331453127895016e+06 3.197088221179627726e+04
2.458342744895999786e+06 1.267660916802382097e+06 3.181212249043778502e+04
2.458343551872000098e+06 1.180191101761951577e+06 3.169260640052844610e+04
2.458343554858000018e+06 1.206298474865426775e+06 3.134670564983843724e+04
2.458344576958000194e+06 1.265975318108474836e+06 3.088721394018700084e+04
2.458344578416000120e+06 1.298921717121967813e+06 3.132564491544217162e+04
2.458344579909000080e+06 1.315234270704616560e+06 3.119031702081906406e+04
2.458344581482999958e+06 1.293256321048489306e+06 3.252154332200321733e+04
2.458344582940999884e+06 1.298651041275224881e+06 3.160690096349015221e+04
2.458344584410999902e+06 1.283752495194088668e+06 3.221311137858034272e+04
2.458345587633999996e+06 1.096630833944414742e+06 2.330632993811689448e+04
2.458345589104000013e+06 1.106410800180243794e+06 2.492573234931604748e+04
2.458345590596999973e+06 1.145179986950727180e+06 2.760776139806539140e+04
2.458346584803000093e+06 1.315067439950556727e+06 2.868270140630822425e+04
2.458346587741999887e+06 1.323810744737534551e+06 3.192927526585296073e+04
2.458346734434000216e+06 8.594916087903294247e+05 2.652599591558415705e+04
2.458348579148000106e+06 8.230889191088419175e+05 1.288232898459442549e+04
2.458348580641000066e+06 8.162912955690710805e+05 1.172103943858593266e+04
2.458348582111000083e+06 8.434796086351969279e+05 1.354376871457252491e+04
2.458357555352000054e+06 1.761820311424733663e+05 4.498962933970627091e+03
2.458360545229000039e+06 1.062287474079159088e+06 2.282760434566759432e+04
2.458360546699000057e+06 1.067686836021731840e+06 2.340076836244047809e+04
2.458360548190999776e+06 1.084456364728351822e+06 2.666004617308858724e+04
2.458411538118999917e+06 3.485761944750042167e+05 8.614476482921045317e+03
2.458411539588000160e+06 3.498977436124293599e+05 9.365074324188442915e+03
2.458411542574000079e+06 3.508053224323122995e+05 8.692834572539686633e+03
2.458411544079000130e+06 3.566963562985706376e+05 8.427861205666587921e+03
2.458411545547999907e+06 3.569031289828743902e+05 8.684107166525436696e+03
2.458411547040999867e+06 3.585955541630153893e+05 9.600145038885413669e+03
2.458411548533999827e+06 3.544669752649879083e+05 8.897241569902069386e+03
2.458411550003999844e+06 3.614453406635038555e+05 9.171669754380249287e+03
2.458411551461999770e+06 3.637070925541368779e+05 9.459236239770376415e+03
2.458413538922999986e+06 4.272399242241628235e+05 1.003727552836107134e+04
2.458413540415999945e+06 4.318224201607810683e+05 1.176114748978925854e+04
2.458413541908999905e+06 4.325746895044714329e+05 1.080923685005204061e+04
2.458413543378000148e+06 4.313883887048764154e+05 1.116977644078286357e+04
2.458413544871000107e+06 4.214364833873813623e+05 9.938889498169050057e+03
2.458547878537000157e+06 1.012196081851284718e+06 1.649870553778483372e+04
2.458548878221000079e+06 9.427634344068970531e+05 1.406593162677759210e+04
2.458599874005999882e+06 1.646328166569110472e+05 4.792901397257796816e+03
2.458599875465000048e+06 1.657096324509849364e+05 4.208608782257342682e+03
2.458599876958000008e+06 1.628477557563467417e+05 4.015196981885932928e+03
2.458599878405000083e+06 1.614573613509984571e+05 3.840899231000990767e+03
2.458599879875000101e+06 1.591409560905389953e+05 4.030448669986358709e+03
2.458606850719999988e+06 1.024387675712675089e+06 1.714319730181726845e+04
2.458608848203999922e+06 1.160948848255763995e+06 1.870207274032148052e+04
2.458608849673999939e+06 1.149116796658221167e+06 1.868062315117078833e+04
2.458608851143999957e+06 1.146520769269078970e+06 1.762414835331203358e+04
2.458608854071999900e+06 1.181986236590415938e+06 1.788669648307321768e+04
2.458608855541999917e+06 1.180821938792477362e+06 1.844888294498808682e+04
2.458608857024000026e+06 1.160100776345093502e+06 1.844407987070924719e+04
2.458608858494000044e+06 1.200350670407141326e+06 1.886939993066983516e+04
2.458608859951999970e+06 1.193395861956554232e+06 1.825524324730587978e+04
2.458608861421999987e+06 1.179899202530389186e+06 2.063015833028835186e+04
2.458608862892000005e+06 1.148016745516956085e+06 1.777342186362024586e+04
2.458608864384999964e+06 1.157009764246383915e+06 1.743117895359864997e+04
2.458612883683000226e+06 1.078536832616716158e+06 2.044804969336270369e+04
2.458612885152999777e+06 1.074055550054559950e+06 2.146860213856818154e+04
2.458614840156000108e+06 1.023177655182741117e+06 1.359695111748006821e+04
2.458614843096000142e+06 1.055883618367429124e+06 1.509264291528125614e+04
2.458615848706000019e+06 1.129296201378756901e+06 2.453982176313474338e+04
2.458615850198999979e+06 1.110282620533106616e+06 2.266364629622356370e+04
2.458615851681000087e+06 1.112948800552406115e+06 2.207185148392687552e+04
2.458615877574000042e+06 1.120332695509495214e+06 2.100003237656340934e+04
2.458615879031999968e+06 1.135248543926401064e+06 2.132146670909178647e+04
2.458615880501999985e+06 1.112177568658852484e+06 2.010321421950273725e+04
2.458615881996000186e+06 1.106192522737522144e+06 2.124415209770676302e+04
2.458615883466000203e+06 1.118748024390934268e+06 2.018128465392436920e+04
2.458615884959000163e+06 1.101234347505817888e+06 1.966789929055895118e+04
2.458618848929999862e+06 8.941164667750716908e+05 1.415923763792238969e+04
2.458618850411999971e+06 8.811475732148423558e+05 1.389067000238017863e+04
2.458618851871000137e+06 9.041334622766113607e+05 1.494276656198359524e+04
2.458618853341000155e+06 9.062168263667532010e+05 1.423874303108697495e+04
2.458618854799000081e+06 9.063404325904907892e+05 1.385414792787564329e+04
2.458618856292000040e+06 9.261217809559628367e+05 1.403158973448959841e+04
2.458618857739000116e+06 9.258003545086319791e+05 1.365213993016037239e+04
2.458618859221000224e+06 9.226839845027900301e+05 1.414755155652136273e+04
2.458618860679000150e+06 9.223181447359701851e+05 1.390223394166769867e+04
2.458618862126000226e+06 9.280431707820490701e+05 1.539753419700202176e+04
2.458618863584000152e+06 9.417430766149663832e+05 1.405007159946080174e+04
2.458618865054000169e+06 9.280414072820938891e+05 1.388380201069623035e+04
2.458618866547999904e+06 9.512704625195253175e+05 1.541818000484454024e+04
2.458618868017999921e+06 9.372344438115230296e+05 1.489952449587774572e+04
2.458618869487999938e+06 9.292593879808324855e+05 1.326966883422364663e+04
2.458618870968999807e+06 9.341988889685083413e+05 1.490915440433105687e+04
2.458618872438999824e+06 9.126324026479809545e+05 1.324722576115438460e+04
2.458618873908999842e+06 9.291907477869837312e+05 1.493902419654035293e+04
2.458618875368000008e+06 9.226561088251420297e+05 1.495682606911074436e+04
2.458618876838000026e+06 9.310752216328029754e+05 1.435061553230919344e+04
2.458618878330999985e+06 9.275700836255860049e+05 1.616610865205309892e+04
2.458618879788999911e+06 9.225785492391508305e+05 1.342207825826561202e+04
2.458618881258999929e+06 9.024561787106847623e+05 1.384576770490531089e+04
2.458618882728999946e+06 9.388173834138382226e+05 1.387799017491312952e+04
2.458618884221999906e+06 9.189899158978947671e+05 1.325947460062155187e+04
2.458618885691999923e+06 9.253852900233983528e+05 1.480422247518788390e+04
2.458627817710000090e+06 2.918849668198961881e+05 1.037163431501426385e+04
2.458635787816999946e+06 9.931535466494789580e+05 1.589977197337528560e+04
2.458642775872000027e+06 9.176949849292481085e+05 1.815427167579146408e+04
2.458642778822999913e+06 9.515091097439415753e+05 1.897366007608578366e+04
2.458642886154000182e+06 7.131602890254837694e+05 2.282051538595277816e+04
2.458643774604000151e+06 1.103332717286500381e+06 2.341791284272602206e+04
2.458644770475999918e+06 1.176294035097622545e+06 2.300786547927347783e+04
2.458644771958000027e+06 1.181459416773492703e+06 2.261069713807441804e+04
2.458644773415999953e+06 1.162628533698455663e+06 2.293516022668929145e+04
2.458644885850999970e+06 7.845309878309578635e+05 2.410382444135580226e+04
2.458657736543999985e+06 2.841520031366448384e+05 6.434749508454656279e+03
2.458666674124000128e+06 1.016181206620653393e+06 2.080829132267950627e+04
2.458666684460000135e+06 1.042397826669040485e+06 2.210521851522343422e+04
2.458667694219000172e+06 1.239900765991793247e+06 2.301673833982162250e+04
2.458667695689000189e+06 1.241299046929457458e+06 2.473460751577648989e+04
2.458667697147000115e+06 1.242987223382068565e+06 2.449864343744255166e+04
2.458667698617000133e+06 1.252906874444292393e+06 2.381073521576657004e+04
2.458667700087000150e+06 1.245771964500854490e+06 2.607787620450407121e+04
2.458667701557000168e+06 1.241999334851535503e+06 2.568824715946968354e+04
2.458667704508000053e+06 1.257932001724112080e+06 2.383086548676776511e+04
2.458667705978000071e+06 1.241346799012365285e+06 2.336279567204100385e+04
2.458667826754000038e+06 1.093386208229465643e+06 2.152105961169568764e+04
2.458667828224000055e+06 1.073348660049391678e+06 2.147858198489350980e+04
2.458667831187000033e+06 1.088255538810891798e+06 2.105763456856728590e+04
2.458667834150000010e+06 1.086212781201544451e+06 2.046000410367782024e+04
2.458667835618999787e+06 1.076985866718255449e+06 2.324106967327179518e+04
2.458667837088999804e+06 1.083685588075057371e+06 2.167247296231928340e+04
2.458667841545000207e+06 1.066060299096678384e+06 2.010352434552366685e+04
2.458667843015000224e+06 1.084187928473907523e+06 2.009019990581717138e+04
2.458667845954999793e+06 1.085740841690701898e+06 2.154729247642756309e+04
2.458667847413000185e+06 1.079448323585162871e+06 2.162747879837100481e+04
2.458667848906999920e+06 1.073786264225578401e+06 2.262806262354265709e+04
2.458667850376000162e+06 1.086804726340399357e+06 2.236270349368861207e+04
2.458667851869000122e+06 1.074502228431767551e+06 2.011474765953543101e+04
2.458667853362999856e+06 1.082045293164249510e+06 2.112069339300250431e+04
2.458674688515000045e+06 7.093020291314239148e+05 1.316149753522493484e+04
2.458674689997000154e+06 7.251226351649113931e+05 1.418617065000028015e+04
2.458674691490000114e+06 7.193485599741830956e+05 1.297465269454900954e+04
2.458699619161000010e+06 1.609632630244106986e+06 3.455655002915867954e+04
2.458699767857000232e+06 1.145520313370303251e+06 3.190637292847498611e+04
2.458700758003999945e+06 1.207495205377930542e+06 3.675058910814720002e+04
2.458700759484999813e+06 1.165978563550474122e+06 3.851089845104197593e+04
2.458700760943000205e+06 1.186925297429880826e+06 3.533923644406761741e+04
2.458700762552000117e+06 1.173958188835745677e+06 3.684990994794424478e+04
2.458700763999000192e+06 1.208936244577601785e+06 3.969066888821031171e+04
2.458700765457000118e+06 1.184197561202307697e+06 3.687195027528412902e+04
2.458715574182999786e+06 1.576401573636963265e+06 3.206893730189431881e+04
2.458715575664999895e+06 1.559569034034077544e+06 3.009695880914276859e+04
2.458715577146000229e+06 1.580726843159890268e+06 3.529114672976965812e+04
2.458717568554999772e+06 1.633890508672469296e+06 3.594548408944180846e+04
2.458717570024999790e+06 1.607840665662184590e+06 3.337841093626707880e+04
2.458717571506000124e+06 1.571051489217086928e+06 3.445923907709945343e+04
2.458718565785000101e+06 1.511786323377480730e+06 3.472698433217109414e+04
2.458718567255000118e+06 1.503786018871135311e+06 3.449550300926073396e+04
2.458718568735999987e+06 1.483473998712959234e+06 3.287500929173389159e+04
2.458723551618999802e+06 1.299484467070169048e+06 3.085690188643145666e+04
2.458723553088999819e+06 1.363531084357443033e+06 3.164670429415873150e+04
2.458723554558000062e+06 1.337291228816908551e+06 3.053935173775127623e+04
2.458728537669999991e+06 1.210531818418175913e+06 2.563406068425132617e+04
2.458730531841999851e+06 1.221352346119210590e+06 2.560093926680178265e+04
2.458730533299999777e+06 1.228821961627923185e+06 2.484011116704647793e+04
2.458746514363000169e+06 1.270561967153864214e+06 3.124732569929230522e+04
2.458746515821000095e+06 1.300137067722968990e+06 2.975975580776558854e+04
2.458746517291000113e+06 1.303135060740117682e+06 2.832428776042770551e+04
2.458746601425999776e+06 1.464034063474002993e+06 2.702600020806289467e+04
2.458746602884999942e+06 1.445550197930725990e+06 2.530946536054797252e+04
2.458746608752000146e+06 1.453823902955214260e+06 2.746816613185763345e+04
2.458746614620000124e+06 1.486024619042778155e+06 2.743299081431458762e+04
2.458746620463999920e+06 1.467822019108321983e+06 2.850177765124976213e+04
2.458746621921999846e+06 1.447998237236591522e+06 2.817631706613007918e+04
2.458746624873000197e+06 1.447447227844514651e+06 2.846212217310981214e+04
2.458746627813000232e+06 1.512025015319822822e+06 3.043013552597175658e+04
2.458746629339999985e+06 1.479232221855456941e+06 2.655420602313566997e+04
2.458746632257000078e+06 1.495408640325503424e+06 2.848736748177565460e+04
2.458746635207999963e+06 1.520275600281803869e+06 2.902475771829358928e+04
2.458746636665999889e+06 1.492471802754001692e+06 2.845261381754114336e+04
2.458747514810999855e+06 1.331982939856303623e+06 3.147600854310897921e+04
2.458747516268999781e+06 1.317544793298367877e+06 3.215719338457634149e+04
2.458747517785000149e+06 1.336510572531949496e+06 3.055162305573624326e+04
2.458747607394000050e+06 1.308302261170606827e+06 2.519424039294400063e+04
2.458747608864000067e+06 1.294636092745257774e+06 2.314799339131357192e+04
2.458747611781000160e+06 1.290995274901731638e+06 2.260572430142179655e+04
2.458747613239000086e+06 1.331172090297191404e+06 3.256660045460950641e+04
2.458747614697000012e+06 1.337295025172077119e+06 2.553153318031885283e+04
2.458747616154999938e+06 1.290586686490572989e+06 2.508255556199058628e+04
2.458747628504000138e+06 1.280546611302957870e+06 2.616984139977874656e+04
2.458747629962000065e+06 1.283484453374706442e+06 2.641766776023985221e+04
2.458747631419999991e+06 1.269532523727814434e+06 2.555408410001866650e+04
2.458747632912999950e+06 1.340294693384558428e+06 2.656840143912771600e+04
2.458763553867999930e+06 4.174571486162280780e+05 8.641277105535475130e+03
2.458763568541999906e+06 4.194932267109925160e+05 8.399656243240724507e+03
2.458763570001000073e+06 4.082611960185656790e+05 7.744134241127838322e+03
2.458763571458999999e+06 4.082114252848341130e+05 9.072475053855954684e+03
2.458763574386999942e+06 4.182128359242918668e+05 7.743282695296532438e+03
2.458763577302999794e+06 4.234179794347611605e+05 7.554325152270809667e+03
2.458764543792999815e+06 7.126301132690306986e+05 9.690570431768348499e+03
2.458764546709000133e+06 7.432876230398003245e+05 1.027385680572101228e+04
2.458764548202000093e+06 7.282123301811047131e+05 1.285203821234610041e+04
2.458766542969999835e+06 5.989079780260289554e+05 7.602969692481388847e+03
2.458766544462999795e+06 5.886063365061382065e+05 1.106451510629137010e+04
2.458766545921000186e+06 6.069725385165837361e+05 6.823827292128900808e+03
2.458766548837000038e+06 6.009969443095766474e+05 1.145953898562726863e+04
2.458766550329999998e+06 5.842626567862740485e+05 1.023990236781468047e+04
2.458766554715999868e+06 5.871360311031336896e+05 1.029974389961910492e+04
2.458766556173999794e+06 6.001668579146702541e+05 7.116200582711851894e+03
2.458766559090999886e+06 5.994638435161078814e+05 9.048948659695648530e+03
2.458766562018999830e+06 5.956864767607154790e+05 9.890220968948635345e+03
2.458766564935000148e+06 5.909134458140038187e+05 9.872538833958611576e+03
2.458780528963000048e+06 1.028610539795424673e+06 1.746940871599430830e+04
2.458781529562999960e+06 1.135522122117742896e+06 1.905679647107809433e+04
2.458781531020999886e+06 1.119371482641993091e+06 2.486542704295128351e+04
2.458781532538000029e+06 1.110486786774931010e+06 2.307349182373041185e+04
2.458781533995999955e+06 1.115471514273437206e+06 1.985283469224151486e+04
2.458781535453999881e+06 1.123173895908276550e+06 2.009517759618486889e+04
2.458782530234000180e+06 1.077964391891702311e+06 2.422475866447384396e+04
2.458782531715000048e+06 1.096438308515304234e+06 2.009979500669384288e+04
2.458782533208000008e+06 1.078174291606096551e+06 2.353920175322981595e+04
2.458782534665999934e+06 1.068362997274277965e+06 2.329411698906888705e+04
2.458783530511999968e+06 1.409885196444687434e+06 2.749207342425775278e+04
2.458783531969999894e+06 1.443871312455602922e+06 4.317393536896809383e+04
2.458919860212000087e+06 5.357440763735927176e+05 6.583715317766819680e+03
2.458919861670000013e+06 5.338915488612534245e+05 6.679977237657365549e+03
2.458919864599000197e+06 5.486474326567950193e+05 8.506200835163024749e+03
2.458920867759000044e+06 5.486825327219063183e+05 8.903002407256439255e+03
2.458920869229999837e+06 5.529202611648857128e+05 8.722594319056774111e+03
2.458923871005999856e+06 6.381362176901637577e+05 9.463952397675266184e+03
2.458923872487999965e+06 6.507940332796649309e+05 1.003526639295166569e+04
2.458929836455000099e+06 1.165784562453304883e+06 2.903678780979424846e+04
2.458929837913999800e+06 1.193484643520451151e+06 2.700294629334707861e+04
2.458929839372000191e+06 1.184480694853333291e+06 2.777257086273349705e+04
2.459283873598000035e+06 1.124992407345704269e+06 1.525881752204346776e+04
2.459283875055999961e+06 1.100539914928411134e+06 1.366593077787349466e+04
2.459289855272000190e+06 1.194001204124467447e+06 1.884087747651305835e+04
2.459289856951000169e+06 1.186103473429659614e+06 2.017920666098364018e+04
2.459293875800000038e+06 1.032968055310170283e+06 1.519075260333465667e+04
2.459298872262000106e+06 7.937614605844515609e+05 2.267278886912749658e+04
2.459298873720000032e+06 8.040306439933002694e+05 2.322789317501354526e+04
2.459299864953000098e+06 1.155994193983557634e+06 2.654631441175883083e+04
2.459299866411000025e+06 1.159779871168455807e+06 2.825632669429479938e+04
2.459490574252000079e+06 9.797703227273372468e+05 1.797643112051862045e+04
2.459491557510000188e+06 9.136953117564332206e+05 1.992783283343084986e+04
2.459493587968999986e+06 1.097359906917880522e+06 2.342460474332868762e+04
2.459648874328999780e+06 8.815542926787153119e+05 1.767409011146151533e+04
2.459648877233999781e+06 8.645608441430069506e+05 1.746161435654876914e+04
2.459649870405000169e+06 9.554971916819752660e+05 1.610911884279206606e+04
2.459649871863000095e+06 9.336321273102274863e+05 1.514897710858903702e+04
2.459649873356999829e+06 9.558451129945176654e+05 1.616301257404020362e+04
2.459661845592000056e+06 1.855430844806869864e+05 4.612003998428820523e+03
2.459661848532999866e+06 1.849910142105387349e+05 4.508699598889607842e+03
